$ 1 0.0000049999999999999996 10.20027730826997 50 5 50 5e-11
r 736 224 848 224 0 10000
r 640 224 736 224 0 10000
w 736 224 736 304 0
w 848 224 848 320 0
g 560 400 560 416 0 0
v 560 400 560 304 0 1 200 1 0 0 0.5
g 736 336 736 352 0 0
O 848 320 912 320 1 0
r 640 304 736 304 0 10000
v 640 400 640 304 0 1 20 2 0 0 0.5
g 640 400 640 416 0 0
w 640 224 560 224 0
w 560 224 560 304 0
a 736 320 848 320 8 15 -15 1000000 -0.000005976645380621536 0 100000
o 5 64 0 x81112 2.5 0.000390625 0 4 1 0 5 3 0.00009999999999999999 0 9 0 1 0 9 3 0.00009999999999999999 0
o 7 64 0 x81112 5 0.1 1 1 1 0
